9
troll#1
26
+
13
4
0 0
1 0
1 1
2 0
*
224
3
0 1
0 2
0 3
*
972
5
0 4
1 2
1 3
1 4
1 5
*
90
4
0 5
0 6
0 7
0 8
+
9
3
1 8
2 8
3 8
*
360
3
1 7
2 7
3 7
*
4704
5
1 6
2 6
3 6
3 5
3 4
*
144
3
2 3
2 4
2 5
/
7
2
2 2
3 2
*
960
4
2 1
3 1
4 1
4 0
+
2
1
3 0
*
1440
4
3 3
4 3
4 2
5 2
*
54
4
4 4
4 5
4 6
5 6
*
168
3
4 7
5 7
5 8
+
1
1
4 8
*
18900
6
5 4
5 5
6 5
7 5
6 6
6 7
-
4
2
5 3
6 3
*
756
4
5 0
5 1
6 0
6 1
*
30
3
6 2
7 2
8 2
+
13
3
7 0
7 1
8 1
+
8
1
8 0
*
36
2
7 3
8 3
*
32
3
6 4
7 4
8 4
+
10
3
8 5
8 6
7 6
+
19
3
6 8
7 8
7 7
*
7
2
8 7
8 8